
power = 2841.53480627494
throughput = 16597.25
composite = 6867.43500613196
